14 14 886
922 922 1102
2045 2033 51
2096 2340 12
2396 2352 44
2448 2396 180
2636 2592 1048
3716 3640 44
3781 3685 27
3843 3715 195
4044 3936 160
4298 4174 34
4336 4208 24
4441 4321 521
5218 5094 94
8600 5328 24
8708 5416 108
10684 10656 398
11120 11084 10706
22027 21801 525
22704 22326 54
23232 23196 248
23495 23473 187
23700 23740 24
23815 23815 291
24115 24113 27
24145 24149 179
24324 24436 10
24480 25280 488
24970 25774 34262
59232 60064 52
59363 60207 87
59475 60329 111
59700 60556 20
59721 60649 31
59752 60688 84
59851 60779 47
59906 60830 132
60128 61044 328
60456 61376 476
60936 61852 16
60956 61868 120
61085 61993 107
61192 62104 12
61213 62121 291
61504 62416 54
61591 62471 71
61681 62589 95
61780 62712 28
61880 62780 15116
77000 77896 92
77256 78178 152
77528 78456 20
77548 78488 286
77900 78848 46
77957 78897 55
78020 78952 24
78044 78984 184
78228 79176 208
78446 79390 11330
89784 90720 380
90348 91252 44
90585 91473 115
90712 91612 20
90787 91645 47
90836 91700 36
92073 92829 47
92128 92980 16
92244 93012 24
93272 93972 158
93728 96516 120
95018 96638 166
96300 97936 50
97688 98184 20
97720 98204 212
98140 98616 128
98364 98856 74
98476 98930 38
98895 99347 193
99395 99831 137
100172 100568 32
100519 100899 163
100700 101084 234
101003 101391 237
101248 101632 260
101525 101893 117
101651 102039 333
102046 102388 44
102939 103271 85
103024 103400 46
103197 103533 37
103239 103577 19
103409 103749 61
103472 103820 206
103678 104050 67
103820 104164 24
103876 104188 20
103896 104248 40
103949 104333 55
104055 104391 115
104372 104660 20
104392 104792 16
104508 104808 462
106184 106348 104
106298 107350 168
107632 107672 112
107785 107833 115
107902 107956 114
108022 108078 260
108399 108419 111
108976 108940 32
110156 108972 104
111345 109789 37
111506 111274 62
111804 111528 192
112084 111808 484
112578 112298 78
112660 112376 36
112935 112687 33
113011 112725 65
113116 112792 184
113308 112976 318
113731 113399 47
113837 113505 117
114011 113679 185
114440 114100 94
114571 114231 183
114811 114471 251
115160 114780 160
115328 114940 31356
