14 14 886
1288 900 22
922 922 1102
2045 2033 51
2111 2087 237
2096 2340 12
2396 2352 44
2448 2396 180
2636 2592 1048
3716 3640 44
3781 3685 27
3843 3715 195
3760 3916 20
4044 3936 160
4298 4174 34
4336 4208 24
38574 4276 44
4441 4321 521
8142 4860 234
5218 5094 94
13128 5304 24
8600 5328 24
13360 5352 16
8708 5416 108
5644 5524 4972
84344 10504 40
14702 10578 78
10684 10656 398
17552 11068 16
11120 11084 10706
22027 21801 525
22704 22326 54
1436 22384 304
21821 22737 189
23367 23079 113
23232 23196 248
23495 23473 187
22636 23664 20
23728 23684 44
23700 23740 24
24115 23785 27
23815 23815 291
24115 24113 27
24145 24149 179
24232 24344 102
23409 24567 55
24480 25280 488
24970 25774 34262
59217 60049 67
59363 60207 87
59475 60329 111
59700 60556 20
59721 60649 31
59752 60688 84
59851 60779 47
59906 60830 132
59907 60967 61
60128 61044 328
60452 61372 480
60936 61852 16
60956 61868 120
61085 61993 107
61188 62100 16
61213 62121 291
61500 62412 58
61591 62471 71
61681 62589 95
61780 62712 28
61880 62780 15116
77000 77896 92
81761 77989 113
77256 78178 152
77595 78351 99
77528 78456 20
77538 78478 296
77900 78848 46
77957 78897 55
78020 78952 24
78038 78978 190
78228 79176 208
78446 79390 11330
89784 90720 380
105557 91105 37
91531 91143 101
90348 91252 44
97431 91303 55
102262 91358 42
113459 91407 37
90585 91473 115
101260 91596 16
90712 91612 20
90787 91645 47
90836 91700 36
102512 91736 116
96520 91852 98
93367 91951 107
83600 92204 62
103167 92271 18
92663 92291 153
95014 92458 110
102349 92619 109
92073 92829 47
92128 92980 16
92244 93012 24
97720 93036 32
112382 93082 52
106887 93135 109
106516 93252 88
95968 93424 112
95033 93561 151
112007 93715 95
110940 93810 40
93272 93972 158
110261 94131 137
95964 94376 112
112660 94488 16
90402 94514 106
91835 94683 95
105076 94828 104
113316 94932 94
104607 95027 167
102861 95197 37
110328 95260 70
90630 95350 44
102289 95717 133
111345 95853 37
102463 95891 149
96520 96048 206
93728 96516 120
95018 96638 166
93000 96832 70
105074 96954 102
113313 97057 97
104607 97155 147
102861 97305 57
99364 97376 50
92487 97443 55
98304 97516 18
97022 97556 22
93662 97578 30
106708 97644 116
91669 97773 95
96300 97936 50
107009 97989 37
109944 98026 150
97688 98184 20
97720 98204 212
89559 98419 95
107556 98536 50
100573 98593 19
98140 98616 128
96975 98771 44
103365 98821 25
98364 98856 74
98476 98930 38
100057 98969 111
10588 99080 20
99761 99113 177
105930 99290 56
98895 99347 193
108976 99540 40
91223 99587 55
111215 99643 123
102881 99773 57
99395 99831 137
93728 100028 116
112032 100324 70
98895 100395 173
100172 100568 32
108976 100600 28
111161 100637 221
90617 100861 37
100519 100899 163
112656 101064 20
100700 101084 234
107951 101331 57
101003 101391 237
101248 101632 260
101525 101893 117
101651 102039 333
102046 102388 44
113636 102560 54
110703 102615 142
96273 102757 57
105076 102864 100
107296 102964 36
114755 103007 55
104607 103063 131
112418 103194 36
96749 103233 37
102939 103271 85
102992 103368 78
82984 103460 27
103197 103533 37
103239 103577 19
103948 103616 48
104055 103675 73
103409 103749 61
103472 103820 206
103654 104026 91
103820 104164 24
103876 104188 20
103896 104248 40
104008 104288 44
103949 104333 55
104055 104391 115
104372 104660 20
104392 104792 16
104508 104808 462
111101 105421 47
94322 105470 110
111332 105668 73
110518 105794 118
93302 105922 326
106184 106348 104
106300 106452 112
94503 106659 95
102092 106820 416
106298 107350 168
105240 107612 50
107632 107672 112
107785 107833 115
107902 107956 114
108022 108078 260
108399 108419 111
106826 108530 266
108976 108940 32
110156 108972 104
99364 109152 50
100461 109205 37
89724 109308 36
99841 109653 133
111345 109789 37
102462 109826 182
102668 110008 270
89740 110444 24
99761 110477 213
96749 110693 37
110124 110880 20
98650 110914 106
96255 111091 95
111506 111274 62
111804 111528 192
96912 111748 48
112084 111808 484
112578 112298 78
112660 112376 36
113080 112412 36
106836 112512 50
105942 112602 44
104569 112649 37
112935 112687 33
113011 112725 65
113116 112792 184
113308 112976 318
95186 113294 104
113731 113399 47
91854 113446 59
113837 113505 117
111440 113624 54
114011 113679 185
105400 113876 72
100683 113995 18
114440 114100 94
99958 114194 36
114571 114231 183
96563 114415 55
114811 114471 251
115160 114780 160
115328 114940 31356
